M 19.434 19.103
c -0.619 -0.254 -1.129 -0.654 -1.092 -1.42
c 0.036 -0.765 -0.547 -1.272 -0.547 -1.272
s 0.51 -1.675 0.036 -3.058
c -0.473 -1.385 -2.038 -3.604 -3.239 -5.278
C 13.393 6.4 14.411 4.47 13.32 1.996
c -1.093 -2.474 -3.931 -2.329 -5.46 -1.273
C 6.33 1.777 6.803 4.397 6.875 5.637
c 0.073 1.236 0.033 2.117 -0.108 2.437
c -0.144 0.32 -1.128 1.494 -1.784 2.476
c -0.655 0.982 -1.128 3.021 -1.603 3.858
c -0.473 0.837 -0.145 1.601 -0.145 1.601
s -0.328 0.108 -0.583 0.657
c -0.255 0.544 -0.764 0.799 -1.674 0.979
c -0.91 0.182 -0.91 0.767 -0.692 1.422
c 0.219 0.654 0.001 1.02 -0.254 1.855
s 1.019 1.092 2.256 1.235
c 1.238 0.147 2.621 0.948 3.787 1.093
c 1.163 0.146 1.528 -0.8 1.528 -0.8
s 1.31 -0.293 2.692 -0.327
c 1.384 -0.037 2.692 0.291 2.692 0.291
s 0.255 0.582 0.728 0.836
c 0.474 0.255 1.493 0.292 2.148 -0.398
c 0.656 -0.693 2.403 -1.565 3.385 -2.112
C 20.233 20.192 20.053 19.356 19.434 19.103
z 
M 10.916 3.052
c 0.624 0 1.128 0.619 1.128 1.382
c 0 0.542 -0.253 1.009 -0.622 1.236
c -0.094 -0.041 -0.193 -0.083 -0.298 -0.128
c 0.222 -0.11 0.38 -0.393 0.38 -0.723
c 0 -0.43 -0.266 -0.779 -0.595 -0.779
c -0.325 0 -0.592 0.35 -0.592 0.779
c 0 0.159 0.038 0.312 0.103 0.437
c -0.194 -0.077 -0.373 -0.149 -0.513 -0.202
c -0.076 -0.186 -0.119 -0.396 -0.119 -0.62
C 9.788 3.671 10.292 3.052 10.916 3.052
z 
M 10.835 5.966
c 0.312 0.108 0.659 0.311 0.623 0.512
c -0.037 0.202 -0.201 0.202 -0.623 0.46
c -0.423 0.256 -1.339 0.824 -1.632 0.861
C 8.908 7.836 8.744 7.671 8.432 7.47
C 8.12 7.268 7.533 6.789 7.681 6.534
c 0 0 0.457 -0.35 0.658 -0.533
c 0.202 -0.184 0.716 -0.623 1.028 -0.566
C 9.679 5.488 10.523 5.856 10.835 5.966
z 
M 8.022 3.271
c 0.492 0 0.892 0.586 0.892 1.309
c 0 0.133 -0.013 0.256 -0.038 0.375
c -0.12 0.041 -0.242 0.107 -0.36 0.207
c -0.06 0.049 -0.113 0.095 -0.164 0.141
C 8.43 5.157 8.461 4.949 8.426 4.73
C 8.36 4.335 8.097 4.047 7.836 4.088
c -0.26 0.045 -0.417 0.4 -0.351 0.797
C 7.552 5.282 7.814 5.57 8.074 5.527
C 8.089 5.524 8.103 5.52 8.118 5.515
C 7.991 5.637 7.874 5.742 7.755 5.831
c -0.36 -0.167 -0.624 -0.664 -0.624 -1.252
C 7.131 3.856 7.53 3.271 8.022 3.271
z 
M 7.061 21.662
c -0.116 0.522 -0.727 0.901 -0.727 0.901
c -0.554 0.174 -2.094 -0.494 -2.792 -0.787
c -0.697 -0.289 -2.472 -0.379 -2.705 -0.637
c -0.231 -0.264 0.116 -0.845 0.205 -1.396
c 0.086 -0.555 -0.174 -0.902 -0.088 -1.281
c 0.088 -0.377 1.222 -0.377 1.657 -0.638
c 0.437 -0.263 0.524 -1.019 0.873 -1.222
c 0.349 -0.205 0.988 0.522 1.25 0.931
c 0.261 0.405 1.25 2.151 1.657 2.587
C 6.799 20.556 7.177 21.14 7.061 21.662
z 
M 13.498 16.59
c -0.105 0.513 -0.105 2.367 -0.105 2.367
s -1.128 1.563 -2.877 1.819
c -1.747 0.256 -2.621 0.072 -2.621 0.072
l -0.982 -1.127
c 0 0 0.763 -0.111 0.655 -0.875
c -0.11 -0.764 -2.329 -1.82 -2.73 -2.767
c -0.399 -0.945 -0.072 -2.548 0.438 -3.349
c 0.509 -0.8 0.835 -2.546 1.345 -3.13
C 7.131 9.02 7.53 7.782 7.348 7.235
c 0 0 1.092 1.311 1.855 1.094
c 0.764 -0.219 2.477 -1.494 2.73 -1.274
c 0.254 0.219 2.438 5.022 2.655 6.551
c 0.219 1.528 -0.146 2.692 -0.146 2.692
S 13.606 16.08 13.498 16.59
z 
M 19.084 20.019
c -0.34 0.312 -2.232 1.076 -2.799 1.672
c -0.564 0.591 -1.301 1.072 -1.752 0.932
c -0.454 -0.143 -0.849 -0.764 -0.651 -1.67
c 0.197 -0.903 0.368 -1.893 0.34 -2.459
s -0.143 -1.331 0 -1.444
c 0.141 -0.11 0.366 -0.055 0.366 -0.055
s -0.111 1.073 0.538 1.358
c 0.649 0.28 1.583 -0.113 1.866 -0.398
c 0.284 -0.281 0.482 -0.705 0.482 -0.705
s 0.282 0.143 0.254 0.594
c -0.028 0.452 0.197 1.104 0.623 1.329
C 18.774 19.396 19.424 19.709 19.084 20.019
z 